{
 "cells": [
  {
   "cell_type": "code",
   "execution_count": 2,
   "metadata": {},
   "outputs": [],
   "source": [
    "from credentials import credentials as cred\n",
    "from tvDatafeed import TvDatafeed as tdf, Interval as il\n",
    "import pandas as pd\n",
    "import numpy as np\n",
    "import requests"
   ]
  },
  {
   "cell_type": "code",
   "execution_count": 2,
   "metadata": {},
   "outputs": [],
   "source": [
    "#credentials\n",
    "username = \"Tural8089\"\n",
    "password = \"elasticity191819912020\"\n",
    "days = 252\n",
    "risk_free = 0.025"
   ]
  },
  {
   "cell_type": "code",
   "execution_count": 3,
   "metadata": {},
   "outputs": [],
   "source": [
    "tv_access = tdf(username = username, password = password)"
   ]
  },
  {
   "cell_type": "code",
   "execution_count": 4,
   "metadata": {},
   "outputs": [],
   "source": [
    "def datacollecter(ticker):\n",
    "    data = tv_access.get_hist(ticker,\"SP\",n_bars = 252).close\n",
    "    return data"
   ]
  },
  {
   "cell_type": "code",
   "execution_count": 5,
   "metadata": {},
   "outputs": [],
   "source": [
    "SP_sectors = [\"S5COND\",\"S5CONS\",\"S5HLTH\",\"S5INDU\",\"S5INFT\",\"S5MATR\",\"S5REAS\",\"S5TELS\",\"S5UTIL\",\"SPF\",\"SPN\"]"
   ]
  },
  {
   "cell_type": "code",
   "execution_count": 6,
   "metadata": {
    "scrolled": true
   },
   "outputs": [
    {
     "data": {
      "text/html": [
       "<div>\n",
       "<style scoped>\n",
       "    .dataframe tbody tr th:only-of-type {\n",
       "        vertical-align: middle;\n",
       "    }\n",
       "\n",
       "    .dataframe tbody tr th {\n",
       "        vertical-align: top;\n",
       "    }\n",
       "\n",
       "    .dataframe thead th {\n",
       "        text-align: right;\n",
       "    }\n",
       "</style>\n",
       "<table border=\"1\" class=\"dataframe\">\n",
       "  <thead>\n",
       "    <tr style=\"text-align: right;\">\n",
       "      <th></th>\n",
       "      <th>S5COND</th>\n",
       "      <th>S5CONS</th>\n",
       "      <th>S5HLTH</th>\n",
       "      <th>S5INDU</th>\n",
       "      <th>S5INFT</th>\n",
       "      <th>S5MATR</th>\n",
       "      <th>S5REAS</th>\n",
       "      <th>S5TELS</th>\n",
       "      <th>S5UTIL</th>\n",
       "      <th>SPF</th>\n",
       "      <th>SPN</th>\n",
       "    </tr>\n",
       "    <tr>\n",
       "      <th>datetime</th>\n",
       "      <th></th>\n",
       "      <th></th>\n",
       "      <th></th>\n",
       "      <th></th>\n",
       "      <th></th>\n",
       "      <th></th>\n",
       "      <th></th>\n",
       "      <th></th>\n",
       "      <th></th>\n",
       "      <th></th>\n",
       "      <th></th>\n",
       "    </tr>\n",
       "  </thead>\n",
       "  <tbody>\n",
       "    <tr>\n",
       "      <th>2020-05-13 17:30:00</th>\n",
       "      <td>920.31</td>\n",
       "      <td>NaN</td>\n",
       "      <td>NaN</td>\n",
       "      <td>498.42</td>\n",
       "      <td>NaN</td>\n",
       "      <td>313.23</td>\n",
       "      <td>NaN</td>\n",
       "      <td>NaN</td>\n",
       "      <td>NaN</td>\n",
       "      <td>NaN</td>\n",
       "      <td>NaN</td>\n",
       "    </tr>\n",
       "    <tr>\n",
       "      <th>2020-05-14 17:30:00</th>\n",
       "      <td>932.37</td>\n",
       "      <td>582.11</td>\n",
       "      <td>NaN</td>\n",
       "      <td>503.26</td>\n",
       "      <td>NaN</td>\n",
       "      <td>317.08</td>\n",
       "      <td>NaN</td>\n",
       "      <td>NaN</td>\n",
       "      <td>281.29</td>\n",
       "      <td>NaN</td>\n",
       "      <td>NaN</td>\n",
       "    </tr>\n",
       "    <tr>\n",
       "      <th>2020-05-15 17:30:00</th>\n",
       "      <td>942.29</td>\n",
       "      <td>586.52</td>\n",
       "      <td>1167.64</td>\n",
       "      <td>501.71</td>\n",
       "      <td>1640.65</td>\n",
       "      <td>320.13</td>\n",
       "      <td>191.76</td>\n",
       "      <td>172.14</td>\n",
       "      <td>277.33</td>\n",
       "      <td>348.59</td>\n",
       "      <td>272.30</td>\n",
       "    </tr>\n",
       "    <tr>\n",
       "      <th>2020-05-18 17:30:00</th>\n",
       "      <td>972.49</td>\n",
       "      <td>596.29</td>\n",
       "      <td>1178.58</td>\n",
       "      <td>534.90</td>\n",
       "      <td>1682.71</td>\n",
       "      <td>334.75</td>\n",
       "      <td>201.21</td>\n",
       "      <td>175.85</td>\n",
       "      <td>288.82</td>\n",
       "      <td>367.15</td>\n",
       "      <td>292.87</td>\n",
       "    </tr>\n",
       "    <tr>\n",
       "      <th>2020-05-19 17:30:00</th>\n",
       "      <td>971.57</td>\n",
       "      <td>585.85</td>\n",
       "      <td>1164.35</td>\n",
       "      <td>528.03</td>\n",
       "      <td>1675.91</td>\n",
       "      <td>331.40</td>\n",
       "      <td>197.48</td>\n",
       "      <td>175.13</td>\n",
       "      <td>283.92</td>\n",
       "      <td>357.89</td>\n",
       "      <td>284.40</td>\n",
       "    </tr>\n",
       "    <tr>\n",
       "      <th>2020-05-20 17:30:00</th>\n",
       "      <td>985.30</td>\n",
       "      <td>592.22</td>\n",
       "      <td>1165.78</td>\n",
       "      <td>537.56</td>\n",
       "      <td>1711.36</td>\n",
       "      <td>336.79</td>\n",
       "      <td>199.16</td>\n",
       "      <td>179.85</td>\n",
       "      <td>285.33</td>\n",
       "      <td>365.83</td>\n",
       "      <td>295.26</td>\n",
       "    </tr>\n",
       "    <tr>\n",
       "      <th>2020-05-21 17:30:00</th>\n",
       "      <td>983.74</td>\n",
       "      <td>586.04</td>\n",
       "      <td>1156.32</td>\n",
       "      <td>538.45</td>\n",
       "      <td>1687.43</td>\n",
       "      <td>333.44</td>\n",
       "      <td>198.09</td>\n",
       "      <td>179.04</td>\n",
       "      <td>282.46</td>\n",
       "      <td>364.54</td>\n",
       "      <td>290.88</td>\n",
       "    </tr>\n",
       "    <tr>\n",
       "      <th>2020-05-22 17:30:00</th>\n",
       "      <td>982.39</td>\n",
       "      <td>587.98</td>\n",
       "      <td>1158.51</td>\n",
       "      <td>537.84</td>\n",
       "      <td>1694.51</td>\n",
       "      <td>332.86</td>\n",
       "      <td>202.46</td>\n",
       "      <td>179.85</td>\n",
       "      <td>285.67</td>\n",
       "      <td>363.60</td>\n",
       "      <td>288.94</td>\n",
       "    </tr>\n",
       "    <tr>\n",
       "      <th>2020-05-26 17:30:00</th>\n",
       "      <td>993.30</td>\n",
       "      <td>591.11</td>\n",
       "      <td>1156.27</td>\n",
       "      <td>560.67</td>\n",
       "      <td>1692.53</td>\n",
       "      <td>341.73</td>\n",
       "      <td>208.87</td>\n",
       "      <td>180.36</td>\n",
       "      <td>287.76</td>\n",
       "      <td>381.92</td>\n",
       "      <td>297.34</td>\n",
       "    </tr>\n",
       "    <tr>\n",
       "      <th>2020-05-27 17:30:00</th>\n",
       "      <td>1006.07</td>\n",
       "      <td>600.31</td>\n",
       "      <td>1168.41</td>\n",
       "      <td>579.41</td>\n",
       "      <td>1701.70</td>\n",
       "      <td>345.23</td>\n",
       "      <td>213.35</td>\n",
       "      <td>181.35</td>\n",
       "      <td>290.83</td>\n",
       "      <td>398.50</td>\n",
       "      <td>300.79</td>\n",
       "    </tr>\n",
       "  </tbody>\n",
       "</table>\n",
       "</div>"
      ],
      "text/plain": [
       "                      S5COND  S5CONS   S5HLTH  S5INDU   S5INFT  S5MATR  \\\n",
       "datetime                                                                 \n",
       "2020-05-13 17:30:00   920.31     NaN      NaN  498.42      NaN  313.23   \n",
       "2020-05-14 17:30:00   932.37  582.11      NaN  503.26      NaN  317.08   \n",
       "2020-05-15 17:30:00   942.29  586.52  1167.64  501.71  1640.65  320.13   \n",
       "2020-05-18 17:30:00   972.49  596.29  1178.58  534.90  1682.71  334.75   \n",
       "2020-05-19 17:30:00   971.57  585.85  1164.35  528.03  1675.91  331.40   \n",
       "2020-05-20 17:30:00   985.30  592.22  1165.78  537.56  1711.36  336.79   \n",
       "2020-05-21 17:30:00   983.74  586.04  1156.32  538.45  1687.43  333.44   \n",
       "2020-05-22 17:30:00   982.39  587.98  1158.51  537.84  1694.51  332.86   \n",
       "2020-05-26 17:30:00   993.30  591.11  1156.27  560.67  1692.53  341.73   \n",
       "2020-05-27 17:30:00  1006.07  600.31  1168.41  579.41  1701.70  345.23   \n",
       "\n",
       "                     S5REAS  S5TELS  S5UTIL     SPF     SPN  \n",
       "datetime                                                     \n",
       "2020-05-13 17:30:00     NaN     NaN     NaN     NaN     NaN  \n",
       "2020-05-14 17:30:00     NaN     NaN  281.29     NaN     NaN  \n",
       "2020-05-15 17:30:00  191.76  172.14  277.33  348.59  272.30  \n",
       "2020-05-18 17:30:00  201.21  175.85  288.82  367.15  292.87  \n",
       "2020-05-19 17:30:00  197.48  175.13  283.92  357.89  284.40  \n",
       "2020-05-20 17:30:00  199.16  179.85  285.33  365.83  295.26  \n",
       "2020-05-21 17:30:00  198.09  179.04  282.46  364.54  290.88  \n",
       "2020-05-22 17:30:00  202.46  179.85  285.67  363.60  288.94  \n",
       "2020-05-26 17:30:00  208.87  180.36  287.76  381.92  297.34  \n",
       "2020-05-27 17:30:00  213.35  181.35  290.83  398.50  300.79  "
      ]
     },
     "execution_count": 6,
     "metadata": {},
     "output_type": "execute_result"
    }
   ],
   "source": [
    "all_sectors = pd.DataFrame()\n",
    "for sector in SP_sectors:\n",
    "    all_sectors[sector] = datacollecter(sector)\n",
    "all_sectors.head(10)"
   ]
  },
  {
   "cell_type": "code",
   "execution_count": 7,
   "metadata": {},
   "outputs": [],
   "source": [
    "sector_log_returns = np.log(all_sectors/all_sectors.shift(1))"
   ]
  },
  {
   "cell_type": "code",
   "execution_count": 8,
   "metadata": {},
   "outputs": [],
   "source": [
    "mean_returns = sector_log_returns.mean()*days\n",
    "mean_returns.columns = [\"Mean Returns\"]\n",
    "st_devs = np.sqrt(sector_log_returns.var()*days)\n",
    "st_devs.columns = [\"Volatility\"]\n",
    "sharpe = (mean_returns-risk_free)/st_devs"
   ]
  },
  {
   "cell_type": "code",
   "execution_count": 9,
   "metadata": {},
   "outputs": [
    {
     "data": {
      "text/html": [
       "<div>\n",
       "<style scoped>\n",
       "    .dataframe tbody tr th:only-of-type {\n",
       "        vertical-align: middle;\n",
       "    }\n",
       "\n",
       "    .dataframe tbody tr th {\n",
       "        vertical-align: top;\n",
       "    }\n",
       "\n",
       "    .dataframe thead th {\n",
       "        text-align: right;\n",
       "    }\n",
       "</style>\n",
       "<table border=\"1\" class=\"dataframe\">\n",
       "  <thead>\n",
       "    <tr style=\"text-align: right;\">\n",
       "      <th></th>\n",
       "      <th>Return</th>\n",
       "      <th>Volatility</th>\n",
       "      <th>Sharpe Ratio</th>\n",
       "    </tr>\n",
       "  </thead>\n",
       "  <tbody>\n",
       "    <tr>\n",
       "      <th>S5COND</th>\n",
       "      <td>0.397012</td>\n",
       "      <td>0.213758</td>\n",
       "      <td>1.740343</td>\n",
       "    </tr>\n",
       "    <tr>\n",
       "      <th>S5CONS</th>\n",
       "      <td>0.220698</td>\n",
       "      <td>0.136581</td>\n",
       "      <td>1.432834</td>\n",
       "    </tr>\n",
       "    <tr>\n",
       "      <th>S5HLTH</th>\n",
       "      <td>0.205839</td>\n",
       "      <td>0.161381</td>\n",
       "      <td>1.120574</td>\n",
       "    </tr>\n",
       "    <tr>\n",
       "      <th>S5INDU</th>\n",
       "      <td>0.576171</td>\n",
       "      <td>0.227354</td>\n",
       "      <td>2.424287</td>\n",
       "    </tr>\n",
       "    <tr>\n",
       "      <th>S5INFT</th>\n",
       "      <td>0.357787</td>\n",
       "      <td>0.246723</td>\n",
       "      <td>1.348830</td>\n",
       "    </tr>\n",
       "    <tr>\n",
       "      <th>S5MATR</th>\n",
       "      <td>0.568704</td>\n",
       "      <td>0.229299</td>\n",
       "      <td>2.371153</td>\n",
       "    </tr>\n",
       "    <tr>\n",
       "      <th>S5REAS</th>\n",
       "      <td>0.310632</td>\n",
       "      <td>0.209586</td>\n",
       "      <td>1.362841</td>\n",
       "    </tr>\n",
       "    <tr>\n",
       "      <th>S5TELS</th>\n",
       "      <td>0.371884</td>\n",
       "      <td>0.210210</td>\n",
       "      <td>1.650175</td>\n",
       "    </tr>\n",
       "    <tr>\n",
       "      <th>S5UTIL</th>\n",
       "      <td>0.172555</td>\n",
       "      <td>0.189907</td>\n",
       "      <td>0.776985</td>\n",
       "    </tr>\n",
       "    <tr>\n",
       "      <th>SPF</th>\n",
       "      <td>0.581928</td>\n",
       "      <td>0.263667</td>\n",
       "      <td>2.112239</td>\n",
       "    </tr>\n",
       "    <tr>\n",
       "      <th>SPN</th>\n",
       "      <td>0.360972</td>\n",
       "      <td>0.413777</td>\n",
       "      <td>0.811964</td>\n",
       "    </tr>\n",
       "  </tbody>\n",
       "</table>\n",
       "</div>"
      ],
      "text/plain": [
       "          Return  Volatility  Sharpe Ratio\n",
       "S5COND  0.397012    0.213758      1.740343\n",
       "S5CONS  0.220698    0.136581      1.432834\n",
       "S5HLTH  0.205839    0.161381      1.120574\n",
       "S5INDU  0.576171    0.227354      2.424287\n",
       "S5INFT  0.357787    0.246723      1.348830\n",
       "S5MATR  0.568704    0.229299      2.371153\n",
       "S5REAS  0.310632    0.209586      1.362841\n",
       "S5TELS  0.371884    0.210210      1.650175\n",
       "S5UTIL  0.172555    0.189907      0.776985\n",
       "SPF     0.581928    0.263667      2.112239\n",
       "SPN     0.360972    0.413777      0.811964"
      ]
     },
     "execution_count": 9,
     "metadata": {},
     "output_type": "execute_result"
    }
   ],
   "source": [
    "summary_table = pd.DataFrame({'Return': mean_returns, 'Volatility': st_devs,\"Sharpe Ratio\" : sharpe})\n",
    "summary_table"
   ]
  },
  {
   "cell_type": "code",
   "execution_count": 10,
   "metadata": {},
   "outputs": [
    {
     "data": {
      "text/html": [
       "<div>\n",
       "<style scoped>\n",
       "    .dataframe tbody tr th:only-of-type {\n",
       "        vertical-align: middle;\n",
       "    }\n",
       "\n",
       "    .dataframe tbody tr th {\n",
       "        vertical-align: top;\n",
       "    }\n",
       "\n",
       "    .dataframe thead th {\n",
       "        text-align: right;\n",
       "    }\n",
       "</style>\n",
       "<table border=\"1\" class=\"dataframe\">\n",
       "  <thead>\n",
       "    <tr style=\"text-align: right;\">\n",
       "      <th></th>\n",
       "      <th>S5COND</th>\n",
       "      <th>S5CONS</th>\n",
       "      <th>S5HLTH</th>\n",
       "      <th>S5INDU</th>\n",
       "      <th>S5INFT</th>\n",
       "      <th>S5MATR</th>\n",
       "      <th>S5REAS</th>\n",
       "      <th>S5TELS</th>\n",
       "      <th>S5UTIL</th>\n",
       "      <th>SPF</th>\n",
       "      <th>SPN</th>\n",
       "    </tr>\n",
       "  </thead>\n",
       "  <tbody>\n",
       "    <tr>\n",
       "      <th>S5COND</th>\n",
       "      <td>0.000181</td>\n",
       "      <td>0.000069</td>\n",
       "      <td>0.000079</td>\n",
       "      <td>0.000106</td>\n",
       "      <td>0.000178</td>\n",
       "      <td>0.000113</td>\n",
       "      <td>0.000103</td>\n",
       "      <td>0.000141</td>\n",
       "      <td>0.000066</td>\n",
       "      <td>0.000102</td>\n",
       "      <td>0.000103</td>\n",
       "    </tr>\n",
       "    <tr>\n",
       "      <th>S5CONS</th>\n",
       "      <td>0.000069</td>\n",
       "      <td>0.000074</td>\n",
       "      <td>0.000059</td>\n",
       "      <td>0.000081</td>\n",
       "      <td>0.000077</td>\n",
       "      <td>0.000084</td>\n",
       "      <td>0.000075</td>\n",
       "      <td>0.000072</td>\n",
       "      <td>0.000067</td>\n",
       "      <td>0.000080</td>\n",
       "      <td>0.000098</td>\n",
       "    </tr>\n",
       "    <tr>\n",
       "      <th>S5HLTH</th>\n",
       "      <td>0.000079</td>\n",
       "      <td>0.000059</td>\n",
       "      <td>0.000103</td>\n",
       "      <td>0.000087</td>\n",
       "      <td>0.000099</td>\n",
       "      <td>0.000092</td>\n",
       "      <td>0.000076</td>\n",
       "      <td>0.000078</td>\n",
       "      <td>0.000059</td>\n",
       "      <td>0.000086</td>\n",
       "      <td>0.000109</td>\n",
       "    </tr>\n",
       "    <tr>\n",
       "      <th>S5INDU</th>\n",
       "      <td>0.000106</td>\n",
       "      <td>0.000081</td>\n",
       "      <td>0.000087</td>\n",
       "      <td>0.000205</td>\n",
       "      <td>0.000104</td>\n",
       "      <td>0.000179</td>\n",
       "      <td>0.000126</td>\n",
       "      <td>0.000091</td>\n",
       "      <td>0.000089</td>\n",
       "      <td>0.000210</td>\n",
       "      <td>0.000273</td>\n",
       "    </tr>\n",
       "    <tr>\n",
       "      <th>S5INFT</th>\n",
       "      <td>0.000178</td>\n",
       "      <td>0.000077</td>\n",
       "      <td>0.000099</td>\n",
       "      <td>0.000104</td>\n",
       "      <td>0.000242</td>\n",
       "      <td>0.000117</td>\n",
       "      <td>0.000107</td>\n",
       "      <td>0.000162</td>\n",
       "      <td>0.000063</td>\n",
       "      <td>0.000094</td>\n",
       "      <td>0.000103</td>\n",
       "    </tr>\n",
       "    <tr>\n",
       "      <th>S5MATR</th>\n",
       "      <td>0.000113</td>\n",
       "      <td>0.000084</td>\n",
       "      <td>0.000092</td>\n",
       "      <td>0.000179</td>\n",
       "      <td>0.000117</td>\n",
       "      <td>0.000209</td>\n",
       "      <td>0.000112</td>\n",
       "      <td>0.000096</td>\n",
       "      <td>0.000085</td>\n",
       "      <td>0.000184</td>\n",
       "      <td>0.000247</td>\n",
       "    </tr>\n",
       "    <tr>\n",
       "      <th>S5REAS</th>\n",
       "      <td>0.000103</td>\n",
       "      <td>0.000075</td>\n",
       "      <td>0.000076</td>\n",
       "      <td>0.000126</td>\n",
       "      <td>0.000107</td>\n",
       "      <td>0.000112</td>\n",
       "      <td>0.000174</td>\n",
       "      <td>0.000094</td>\n",
       "      <td>0.000106</td>\n",
       "      <td>0.000129</td>\n",
       "      <td>0.000154</td>\n",
       "    </tr>\n",
       "    <tr>\n",
       "      <th>S5TELS</th>\n",
       "      <td>0.000141</td>\n",
       "      <td>0.000072</td>\n",
       "      <td>0.000078</td>\n",
       "      <td>0.000091</td>\n",
       "      <td>0.000162</td>\n",
       "      <td>0.000096</td>\n",
       "      <td>0.000094</td>\n",
       "      <td>0.000175</td>\n",
       "      <td>0.000065</td>\n",
       "      <td>0.000096</td>\n",
       "      <td>0.000114</td>\n",
       "    </tr>\n",
       "    <tr>\n",
       "      <th>S5UTIL</th>\n",
       "      <td>0.000066</td>\n",
       "      <td>0.000067</td>\n",
       "      <td>0.000059</td>\n",
       "      <td>0.000089</td>\n",
       "      <td>0.000063</td>\n",
       "      <td>0.000085</td>\n",
       "      <td>0.000106</td>\n",
       "      <td>0.000065</td>\n",
       "      <td>0.000143</td>\n",
       "      <td>0.000089</td>\n",
       "      <td>0.000099</td>\n",
       "    </tr>\n",
       "    <tr>\n",
       "      <th>SPF</th>\n",
       "      <td>0.000102</td>\n",
       "      <td>0.000080</td>\n",
       "      <td>0.000086</td>\n",
       "      <td>0.000210</td>\n",
       "      <td>0.000094</td>\n",
       "      <td>0.000184</td>\n",
       "      <td>0.000129</td>\n",
       "      <td>0.000096</td>\n",
       "      <td>0.000089</td>\n",
       "      <td>0.000276</td>\n",
       "      <td>0.000339</td>\n",
       "    </tr>\n",
       "    <tr>\n",
       "      <th>SPN</th>\n",
       "      <td>0.000103</td>\n",
       "      <td>0.000098</td>\n",
       "      <td>0.000109</td>\n",
       "      <td>0.000273</td>\n",
       "      <td>0.000103</td>\n",
       "      <td>0.000247</td>\n",
       "      <td>0.000154</td>\n",
       "      <td>0.000114</td>\n",
       "      <td>0.000099</td>\n",
       "      <td>0.000339</td>\n",
       "      <td>0.000679</td>\n",
       "    </tr>\n",
       "  </tbody>\n",
       "</table>\n",
       "</div>"
      ],
      "text/plain": [
       "          S5COND    S5CONS    S5HLTH    S5INDU    S5INFT    S5MATR    S5REAS  \\\n",
       "S5COND  0.000181  0.000069  0.000079  0.000106  0.000178  0.000113  0.000103   \n",
       "S5CONS  0.000069  0.000074  0.000059  0.000081  0.000077  0.000084  0.000075   \n",
       "S5HLTH  0.000079  0.000059  0.000103  0.000087  0.000099  0.000092  0.000076   \n",
       "S5INDU  0.000106  0.000081  0.000087  0.000205  0.000104  0.000179  0.000126   \n",
       "S5INFT  0.000178  0.000077  0.000099  0.000104  0.000242  0.000117  0.000107   \n",
       "S5MATR  0.000113  0.000084  0.000092  0.000179  0.000117  0.000209  0.000112   \n",
       "S5REAS  0.000103  0.000075  0.000076  0.000126  0.000107  0.000112  0.000174   \n",
       "S5TELS  0.000141  0.000072  0.000078  0.000091  0.000162  0.000096  0.000094   \n",
       "S5UTIL  0.000066  0.000067  0.000059  0.000089  0.000063  0.000085  0.000106   \n",
       "SPF     0.000102  0.000080  0.000086  0.000210  0.000094  0.000184  0.000129   \n",
       "SPN     0.000103  0.000098  0.000109  0.000273  0.000103  0.000247  0.000154   \n",
       "\n",
       "          S5TELS    S5UTIL       SPF       SPN  \n",
       "S5COND  0.000141  0.000066  0.000102  0.000103  \n",
       "S5CONS  0.000072  0.000067  0.000080  0.000098  \n",
       "S5HLTH  0.000078  0.000059  0.000086  0.000109  \n",
       "S5INDU  0.000091  0.000089  0.000210  0.000273  \n",
       "S5INFT  0.000162  0.000063  0.000094  0.000103  \n",
       "S5MATR  0.000096  0.000085  0.000184  0.000247  \n",
       "S5REAS  0.000094  0.000106  0.000129  0.000154  \n",
       "S5TELS  0.000175  0.000065  0.000096  0.000114  \n",
       "S5UTIL  0.000065  0.000143  0.000089  0.000099  \n",
       "SPF     0.000096  0.000089  0.000276  0.000339  \n",
       "SPN     0.000114  0.000099  0.000339  0.000679  "
      ]
     },
     "execution_count": 10,
     "metadata": {},
     "output_type": "execute_result"
    }
   ],
   "source": [
    "sector_covs = sector_log_returns.cov()\n",
    "sector_covs"
   ]
  },
  {
   "cell_type": "code",
   "execution_count": 11,
   "metadata": {},
   "outputs": [
    {
     "data": {
      "text/html": [
       "<div>\n",
       "<style scoped>\n",
       "    .dataframe tbody tr th:only-of-type {\n",
       "        vertical-align: middle;\n",
       "    }\n",
       "\n",
       "    .dataframe tbody tr th {\n",
       "        vertical-align: top;\n",
       "    }\n",
       "\n",
       "    .dataframe thead th {\n",
       "        text-align: right;\n",
       "    }\n",
       "</style>\n",
       "<table border=\"1\" class=\"dataframe\">\n",
       "  <thead>\n",
       "    <tr style=\"text-align: right;\">\n",
       "      <th></th>\n",
       "      <th>S5COND</th>\n",
       "      <th>S5CONS</th>\n",
       "      <th>S5HLTH</th>\n",
       "      <th>S5INDU</th>\n",
       "      <th>S5INFT</th>\n",
       "      <th>S5MATR</th>\n",
       "      <th>S5REAS</th>\n",
       "      <th>S5TELS</th>\n",
       "      <th>S5UTIL</th>\n",
       "      <th>SPF</th>\n",
       "      <th>SPN</th>\n",
       "    </tr>\n",
       "  </thead>\n",
       "  <tbody>\n",
       "    <tr>\n",
       "      <th>S5COND</th>\n",
       "      <td>1.000000</td>\n",
       "      <td>0.599560</td>\n",
       "      <td>0.575115</td>\n",
       "      <td>0.551428</td>\n",
       "      <td>0.848290</td>\n",
       "      <td>0.579735</td>\n",
       "      <td>0.579705</td>\n",
       "      <td>0.790990</td>\n",
       "      <td>0.410247</td>\n",
       "      <td>0.456664</td>\n",
       "      <td>0.292299</td>\n",
       "    </tr>\n",
       "    <tr>\n",
       "      <th>S5CONS</th>\n",
       "      <td>0.599560</td>\n",
       "      <td>1.000000</td>\n",
       "      <td>0.675203</td>\n",
       "      <td>0.658211</td>\n",
       "      <td>0.575242</td>\n",
       "      <td>0.674501</td>\n",
       "      <td>0.661843</td>\n",
       "      <td>0.629339</td>\n",
       "      <td>0.651484</td>\n",
       "      <td>0.561980</td>\n",
       "      <td>0.436110</td>\n",
       "    </tr>\n",
       "    <tr>\n",
       "      <th>S5HLTH</th>\n",
       "      <td>0.575115</td>\n",
       "      <td>0.675203</td>\n",
       "      <td>1.000000</td>\n",
       "      <td>0.598888</td>\n",
       "      <td>0.626234</td>\n",
       "      <td>0.625878</td>\n",
       "      <td>0.566928</td>\n",
       "      <td>0.577062</td>\n",
       "      <td>0.489055</td>\n",
       "      <td>0.511306</td>\n",
       "      <td>0.410227</td>\n",
       "    </tr>\n",
       "    <tr>\n",
       "      <th>S5INDU</th>\n",
       "      <td>0.551428</td>\n",
       "      <td>0.658211</td>\n",
       "      <td>0.598888</td>\n",
       "      <td>1.000000</td>\n",
       "      <td>0.464748</td>\n",
       "      <td>0.866061</td>\n",
       "      <td>0.665043</td>\n",
       "      <td>0.480622</td>\n",
       "      <td>0.517984</td>\n",
       "      <td>0.878228</td>\n",
       "      <td>0.729984</td>\n",
       "    </tr>\n",
       "    <tr>\n",
       "      <th>S5INFT</th>\n",
       "      <td>0.848290</td>\n",
       "      <td>0.575242</td>\n",
       "      <td>0.626234</td>\n",
       "      <td>0.464748</td>\n",
       "      <td>1.000000</td>\n",
       "      <td>0.519366</td>\n",
       "      <td>0.523338</td>\n",
       "      <td>0.784980</td>\n",
       "      <td>0.341226</td>\n",
       "      <td>0.363728</td>\n",
       "      <td>0.253256</td>\n",
       "    </tr>\n",
       "    <tr>\n",
       "      <th>S5MATR</th>\n",
       "      <td>0.579735</td>\n",
       "      <td>0.674501</td>\n",
       "      <td>0.625878</td>\n",
       "      <td>0.866061</td>\n",
       "      <td>0.519366</td>\n",
       "      <td>1.000000</td>\n",
       "      <td>0.585942</td>\n",
       "      <td>0.502525</td>\n",
       "      <td>0.489841</td>\n",
       "      <td>0.766278</td>\n",
       "      <td>0.655047</td>\n",
       "    </tr>\n",
       "    <tr>\n",
       "      <th>S5REAS</th>\n",
       "      <td>0.579705</td>\n",
       "      <td>0.661843</td>\n",
       "      <td>0.566928</td>\n",
       "      <td>0.665043</td>\n",
       "      <td>0.523338</td>\n",
       "      <td>0.585942</td>\n",
       "      <td>1.000000</td>\n",
       "      <td>0.536410</td>\n",
       "      <td>0.668875</td>\n",
       "      <td>0.586465</td>\n",
       "      <td>0.447747</td>\n",
       "    </tr>\n",
       "    <tr>\n",
       "      <th>S5TELS</th>\n",
       "      <td>0.790990</td>\n",
       "      <td>0.629339</td>\n",
       "      <td>0.577062</td>\n",
       "      <td>0.480622</td>\n",
       "      <td>0.784980</td>\n",
       "      <td>0.502525</td>\n",
       "      <td>0.536410</td>\n",
       "      <td>1.000000</td>\n",
       "      <td>0.411761</td>\n",
       "      <td>0.434738</td>\n",
       "      <td>0.330800</td>\n",
       "    </tr>\n",
       "    <tr>\n",
       "      <th>S5UTIL</th>\n",
       "      <td>0.410247</td>\n",
       "      <td>0.651484</td>\n",
       "      <td>0.489055</td>\n",
       "      <td>0.517984</td>\n",
       "      <td>0.341226</td>\n",
       "      <td>0.489841</td>\n",
       "      <td>0.668875</td>\n",
       "      <td>0.411761</td>\n",
       "      <td>1.000000</td>\n",
       "      <td>0.447968</td>\n",
       "      <td>0.316829</td>\n",
       "    </tr>\n",
       "    <tr>\n",
       "      <th>SPF</th>\n",
       "      <td>0.456664</td>\n",
       "      <td>0.561980</td>\n",
       "      <td>0.511306</td>\n",
       "      <td>0.878228</td>\n",
       "      <td>0.363728</td>\n",
       "      <td>0.766278</td>\n",
       "      <td>0.586465</td>\n",
       "      <td>0.434738</td>\n",
       "      <td>0.447968</td>\n",
       "      <td>1.000000</td>\n",
       "      <td>0.782727</td>\n",
       "    </tr>\n",
       "    <tr>\n",
       "      <th>SPN</th>\n",
       "      <td>0.292299</td>\n",
       "      <td>0.436110</td>\n",
       "      <td>0.410227</td>\n",
       "      <td>0.729984</td>\n",
       "      <td>0.253256</td>\n",
       "      <td>0.655047</td>\n",
       "      <td>0.447747</td>\n",
       "      <td>0.330800</td>\n",
       "      <td>0.316829</td>\n",
       "      <td>0.782727</td>\n",
       "      <td>1.000000</td>\n",
       "    </tr>\n",
       "  </tbody>\n",
       "</table>\n",
       "</div>"
      ],
      "text/plain": [
       "          S5COND    S5CONS    S5HLTH    S5INDU    S5INFT    S5MATR    S5REAS  \\\n",
       "S5COND  1.000000  0.599560  0.575115  0.551428  0.848290  0.579735  0.579705   \n",
       "S5CONS  0.599560  1.000000  0.675203  0.658211  0.575242  0.674501  0.661843   \n",
       "S5HLTH  0.575115  0.675203  1.000000  0.598888  0.626234  0.625878  0.566928   \n",
       "S5INDU  0.551428  0.658211  0.598888  1.000000  0.464748  0.866061  0.665043   \n",
       "S5INFT  0.848290  0.575242  0.626234  0.464748  1.000000  0.519366  0.523338   \n",
       "S5MATR  0.579735  0.674501  0.625878  0.866061  0.519366  1.000000  0.585942   \n",
       "S5REAS  0.579705  0.661843  0.566928  0.665043  0.523338  0.585942  1.000000   \n",
       "S5TELS  0.790990  0.629339  0.577062  0.480622  0.784980  0.502525  0.536410   \n",
       "S5UTIL  0.410247  0.651484  0.489055  0.517984  0.341226  0.489841  0.668875   \n",
       "SPF     0.456664  0.561980  0.511306  0.878228  0.363728  0.766278  0.586465   \n",
       "SPN     0.292299  0.436110  0.410227  0.729984  0.253256  0.655047  0.447747   \n",
       "\n",
       "          S5TELS    S5UTIL       SPF       SPN  \n",
       "S5COND  0.790990  0.410247  0.456664  0.292299  \n",
       "S5CONS  0.629339  0.651484  0.561980  0.436110  \n",
       "S5HLTH  0.577062  0.489055  0.511306  0.410227  \n",
       "S5INDU  0.480622  0.517984  0.878228  0.729984  \n",
       "S5INFT  0.784980  0.341226  0.363728  0.253256  \n",
       "S5MATR  0.502525  0.489841  0.766278  0.655047  \n",
       "S5REAS  0.536410  0.668875  0.586465  0.447747  \n",
       "S5TELS  1.000000  0.411761  0.434738  0.330800  \n",
       "S5UTIL  0.411761  1.000000  0.447968  0.316829  \n",
       "SPF     0.434738  0.447968  1.000000  0.782727  \n",
       "SPN     0.330800  0.316829  0.782727  1.000000  "
      ]
     },
     "execution_count": 11,
     "metadata": {},
     "output_type": "execute_result"
    }
   ],
   "source": [
    "sector_correl = sector_log_returns.corr()\n",
    "sector_correl"
   ]
  }
 ],
 "metadata": {
  "kernelspec": {
   "display_name": "Python 3",
   "language": "python",
   "name": "python3"
  },
  "language_info": {
   "codemirror_mode": {
    "name": "ipython",
    "version": 3
   },
   "file_extension": ".py",
   "mimetype": "text/x-python",
   "name": "python",
   "nbconvert_exporter": "python",
   "pygments_lexer": "ipython3",
   "version": "3.8.5"
  }
 },
 "nbformat": 4,
 "nbformat_minor": 4
}
